Detector Coordinates (mm)
       X       Y       Z
    2150    3100    1600
    1595    3100    1600
    1040    3100    1600
     485    3100    1600
     -70    3100    1600
    -625    3100    1600
   -1180    3100    1600
   -1735    3100    1600
   -2290    3100    1600
   -2845    3100    1600
   -3400    3100    1600
    2150    3100    1025
    1595    3100    1025
    1040    3100    1025
     485    3100    1025
     -70    3100    1025
    -625    3100    1025
   -1180    3100    1025
   -1735    3100    1025
   -2290    3100    1025
   -2845    3100    1025
   -3400    3100    1025
    2150    3100     450
    1595    3100     450
    1040    3100     450
     485    3100     450
     -70    3100     450
    -625    3100     450
   -1180    3100     450
   -1735    3100     450
   -2290    3100     450
   -2845    3100     450
    2150    3100    -125
    1595    3100    -125
    1040    3100    -125
     485    3100    -125
     -70    3100    -125
    -625    3100    -125
   -1180    3100    -125
   -1735    3100    -125
   -2290    3100    -125
   -2845    3100    -125
   -3400    3100    -125
    2150    3100    -700
    1595    3100    -700
    1040    3100    -700
     485    3100    -700
     -70    3100    -700
    -625    3100    -700
   -1180    3100    -700
   -1735    3100    -700
   -2290    3100    -700
   -2845    3100    -700
   -3400    3100    -700
    1040    3100   -1275
     485    3100   -1275
     -70    3100   -1275
    -625    3100   -1275
   -1180    3100   -1275
   -1735    3100   -1275
   -2290    3100   -1275
   -2845    3100   -1275
   -3400    3100   -1275
    2150    2520    1600
    1595    2520    1600
    1040    2520    1600
     485    2520    1600
     -70    2520    1600
    -625    2520    1600
   -1180    2520    1600
   -1735    2520    1600
   -2290    2520    1600
   -2845    2520    1600
   -3400    2520    1600
    2150    2520    1025
    1595    2520    1025
    1040    2520    1025
     485    2520    1025
     -70    2520    1025
    -625    2520    1025
   -1180    2520    1025
   -1735    2520    1025
   -2290    2520    1025
   -2845    2520    1025
   -3400    2520    1025
    2150    2520     450
    1595    2520     450
    1040    2520     450
     485    2520     450
     -70    2520     450
    -625    2520     450
   -1180    2520     450
   -1735    2520     450
   -2290    2520     450
    2150    2520    -125
    1595    2520    -125
    1040    2520    -125
     485    2520    -125
     -70    2520    -125
    -625    2520    -125
   -1180    2520    -125
   -1735    2520    -125
   -2290    2520    -125
   -2845    2520    -125
   -3400    2520    -125
    2150    2520    -700
    1595    2520    -700
    1040    2520    -700
     485    2520    -700
     -70    2520    -700
    -625    2520    -700
   -1180    2520    -700
   -1735    2520    -700
   -2290    2520    -700
   -2845    2520    -700
   -3400    2520    -700
    1040    2520   -1275
     485    2520   -1275
     -70    2520   -1275
    -625    2520   -1275
   -1180    2520   -1275
   -1735    2520   -1275
   -2290    2520   -1275
   -2845    2520   -1275
   -3400    2520   -1275
    2150    1940    1600
    1595    1940    1600
    1040    1940    1600
     485    1940    1600
     -70    1940    1600
    -625    1940    1600
   -1180    1940    1600
   -1735    1940    1600
   -2290    1940    1600
   -2845    1940    1600
   -3400    1940    1600
    2150    1940    1025
    1595    1940    1025
    1040    1940    1025
     485    1940    1025
     -70    1940    1025
    -625    1940    1025
   -1180    1940    1025
   -1735    1940    1025
   -2290    1940    1025
   -2845    1940    1025
   -3400    1940    1025
    2150    1940     450
    1595    1940     450
    1040    1940     450
     485    1940     450
     -70    1940     450
    -625    1940     450
   -1180    1940     450
    2150    1940    -125
    1595    1940    -125
    1040    1940    -125
     485    1940    -125
     -70    1940    -125
    -625    1940    -125
   -1180    1940    -125
   -1735    1940    -125
   -2290    1940    -125
   -2845    1940    -125
   -3400    1940    -125
    2150    1940    -700
    1595    1940    -700
    1040    1940    -700
     485    1940    -700
     -70    1940    -700
    -625    1940    -700
   -1180    1940    -700
   -1735    1940    -700
   -2290    1940    -700
   -2845    1940    -700
   -3400    1940    -700
    1040    1940   -1275
     485    1940   -1275
     -70    1940   -1275
    -625    1940   -1275
   -1180    1940   -1275
   -1735    1940   -1275
   -2290    1940   -1275
   -2845    1940   -1275
   -3400    1940   -1275
    2150    1360    1600
    1595    1360    1600
    1040    1360    1600
     485    1360    1600
     -70    1360    1600
    -625    1360    1600
   -1180    1360    1600
   -1735    1360    1600
   -2290    1360    1600
   -2845    1360    1600
   -3400    1360    1600
    2150    1360    1025
    1595    1360    1025
    1040    1360    1025
     485    1360    1025
     -70    1360    1025
    -625    1360    1025
   -1180    1360    1025
   -1735    1360    1025
   -2290    1360    1025
   -2845    1360    1025
   -3400    1360    1025
    2150    1360     450
    1595    1360     450
    1040    1360     450
     485    1360     450
     -70    1360     450
    -625    1360     450
   -1180    1360     450
   -1735    1360     450
    2150    1360    -125
    1595    1360    -125
    1040    1360    -125
     485    1360    -125
     -70    1360    -125
    -625    1360    -125
   -1180    1360    -125
   -1735    1360    -125
   -2290    1360    -125
   -2845    1360    -125
   -3400    1360    -125
    2150    1360    -700
    1595    1360    -700
    1040    1360    -700
     485    1360    -700
     -70    1360    -700
    -625    1360    -700
   -1180    1360    -700
   -1735    1360    -700
   -2290    1360    -700
   -2845    1360    -700
   -3400    1360    -700
    2150    1360   -1275
    1595    1360   -1275
    1040    1360   -1275
     485    1360   -1275
     -70    1360   -1275
    -625    1360   -1275
   -1180    1360   -1275
   -1735    1360   -1275
   -2290    1360   -1275
   -2845    1360   -1275
   -3400    1360   -1275
    2150     780    1600
    1595     780    1600
    1040     780    1600
     485     780    1600
     -70     780    1600
    -625     780    1600
   -1180     780    1600
   -1735     780    1600
   -2290     780    1600
   -2845     780    1600
   -3400     780    1600
    2150     780    1025
    1595     780    1025
    1040     780    1025
     485     780    1025
     -70     780    1025
    -625     780    1025
   -1180     780    1025
   -1735     780    1025
   -2290     780    1025
   -2845     780    1025
   -3400     780    1025
    2150     780     450
    1595     780     450
    1040     780     450
     485     780     450
     -70     780     450
    -625     780     450
   -1180     780     450
   -1735     780     450
   -2290     780     450
    2150     780    -125
    1595     780    -125
    1040     780    -125
     485     780    -125
     -70     780    -125
    -625     780    -125
   -1180     780    -125
   -1735     780    -125
   -2290     780    -125
   -2845     780    -125
   -3400     780    -125
    2150     780    -700
    1595     780    -700
    1040     780    -700
     485     780    -700
     -70     780    -700
    -625     780    -700
   -1180     780    -700
   -1735     780    -700
   -2290     780    -700
   -2845     780    -700
   -3400     780    -700
    2150     780   -1275
    1595     780   -1275
    1040     780   -1275
     485     780   -1275
     -70     780   -1275
    -625     780   -1275
   -1180     780   -1275
   -1735     780   -1275
   -2290     780   -1275
   -2845     780   -1275
   -3400     780   -1275
    2150     200    1600
    1595     200    1600
    1040     200    1600
     485     200    1600
     -70     200    1600
    -625     200    1600
   -1180     200    1600
   -1735     200    1600
   -2290     200    1600
   -2845     200    1600
   -3400     200    1600
    2150     200    1025
    1595     200    1025
    1040     200    1025
     485     200    1025
     -70     200    1025
    -625     200    1025
   -1180     200    1025
   -1735     200    1025
   -2290     200    1025
   -2845     200    1025
   -3400     200    1025
    2150     200     450
    1595     200     450
    1040     200     450
     485     200     450
     -70     200     450
    -625     200     450
   -1180     200     450
   -1735     200     450
   -2290     200     450
   -2845     200     450
   -3400     200     450
    2150     200    -125
    1595     200    -125
    1040     200    -125
     485     200    -125
     -70     200    -125
    -625     200    -125
   -1180     200    -125
   -1735     200    -125
   -2290     200    -125
   -2845     200    -125
   -3400     200    -125
    2150     200    -700
    1595     200    -700
    1040     200    -700
     485     200    -700
     -70     200    -700
    -625     200    -700
   -1180     200    -700
   -1735     200    -700
   -2290     200    -700
   -2845     200    -700
   -3400     200    -700
    2150     200   -1275
    1595     200   -1275
    1040     200   -1275
     485     200   -1275
     -70     200   -1275
    -625     200   -1275
   -1180     200   -1275
   -1735     200   -1275
   -2290     200   -1275
   -2845     200   -1275
   -3400     200   -1275
    2150    -380    1600
    1595    -380    1600
    1040    -380    1600
     485    -380    1600
     -70    -380    1600
    -625    -380    1600
   -1180    -380    1600
   -1735    -380    1600
   -2290    -380    1600
   -2845    -380    1600
   -3400    -380    1600
    2150    -380    1025
    1595    -380    1025
    1040    -380    1025
     485    -380    1025
     -70    -380    1025
    -625    -380    1025
   -1180    -380    1025
   -1735    -380    1025
   -2290    -380    1025
   -2845    -380    1025
   -3400    -380    1025
    2150    -380     450
    1595    -380     450
    1040    -380     450
     485    -380     450
     -70    -380     450
    -625    -380     450
   -1180    -380     450
   -1735    -380     450
   -2290    -380     450
   -2845    -380     450
   -3400    -380     450
    2150    -380    -125
    1595    -380    -125
    1040    -380    -125
     485    -380    -125
     -70    -380    -125
    -625    -380    -125
   -1180    -380    -125
   -1735    -380    -125
   -2290    -380    -125
   -2845    -380    -125
   -3400    -380    -125
    2150    -380    -700
    1595    -380    -700
    1040    -380    -700
     485    -380    -700
     -70    -380    -700
    -625    -380    -700
   -1180    -380    -700
   -1735    -380    -700
   -2290    -380    -700
   -2845    -380    -700
   -3400    -380    -700
    2150    -380   -1275
    1595    -380   -1275
    1040    -380   -1275
     485    -380   -1275
     -70    -380   -1275
    -625    -380   -1275
   -1180    -380   -1275
   -1735    -380   -1275
   -2290    -380   -1275
   -2845    -380   -1275
   -3400    -380   -1275
    2150    -960    1600
    1595    -960    1600
    1040    -960    1600
     485    -960    1600
     -70    -960    1600
    -625    -960    1600
   -1180    -960    1600
   -1735    -960    1600
   -2845    -960    1600
    2150    -960    1025
    1595    -960    1025
    1040    -960    1025
     485    -960    1025
     -70    -960    1025
    -625    -960    1025
   -1180    -960    1025
   -1735    -960    1025
   -2845    -960    1025
    2150    -960     450
    1595    -960     450
    1040    -960     450
     485    -960     450
     -70    -960     450
    -625    -960     450
   -1180    -960     450
   -1735    -960     450
   -2845    -960     450
    2150    -960    -125
    1595    -960    -125
    1040    -960    -125
     485    -960    -125
     -70    -960    -125
    -625    -960    -125
   -1180    -960    -125
   -1735    -960    -125
   -2845    -960    -125
    2150    -960    -700
    1595    -960    -700
    1040    -960    -700
     485    -960    -700
     -70    -960    -700
    -625    -960    -700
   -1180    -960    -700
   -1735    -960    -700
   -2845    -960    -700
    2150    -960   -1275
    1595    -960   -1275
    1040    -960   -1275
     485    -960   -1275
     -70    -960   -1275
    -625    -960   -1275
   -1180    -960   -1275
   -1735    -960   -1275
   -2845    -960   -1275
    2150   -1540    1600
    1595   -1540    1600
    1040   -1540    1600
     485   -1540    1600
     -70   -1540    1600
    -625   -1540    1600
   -1180   -1540    1600
   -1735   -1540    1600
   -2845   -1540    1600
    2150   -1540    1025
    1595   -1540    1025
    1040   -1540    1025
     485   -1540    1025
     -70   -1540    1025
    -625   -1540    1025
   -1180   -1540    1025
   -1735   -1540    1025
   -2845   -1540    1025
    2150   -1540     450
    1595   -1540     450
    1040   -1540     450
     485   -1540     450
     -70   -1540     450
    -625   -1540     450
   -1180   -1540     450
   -1735   -1540     450
   -2845   -1540     450
    2150   -1540    -125
    1595   -1540    -125
    1040   -1540    -125
     485   -1540    -125
     -70   -1540    -125
    -625   -1540    -125
   -1180   -1540    -125
   -1735   -1540    -125
   -2845   -1540    -125
    2150   -1540    -700
    1595   -1540    -700
    1040   -1540    -700
     485   -1540    -700
     -70   -1540    -700
    -625   -1540    -700
   -1180   -1540    -700
   -1735   -1540    -700
   -2845   -1540    -700
    2150   -1540   -1275
    1595   -1540   -1275
    1040   -1540   -1275
     485   -1540   -1275
     -70   -1540   -1275
    -625   -1540   -1275
   -1180   -1540   -1275
   -1735   -1540   -1275
   -2845   -1540   -1275
    2150   -2120    1600
    1595   -2120    1600
    1040   -2120    1600
     485   -2120    1600
     -70   -2120    1600
    -625   -2120    1600
   -1180   -2120    1600
   -1735   -2120    1600
   -2845   -2120    1600
    2150   -2120    1025
    1595   -2120    1025
    1040   -2120    1025
     485   -2120    1025
     -70   -2120    1025
    -625   -2120    1025
   -1180   -2120    1025
   -1735   -2120    1025
   -2845   -2120    1025
    2150   -2120     450
    1595   -2120     450
    1040   -2120     450
     485   -2120     450
     -70   -2120     450
    -625   -2120     450
   -1180   -2120     450
   -1735   -2120     450
   -2845   -2120     450
    2150   -2120    -125
    1595   -2120    -125
    1040   -2120    -125
     485   -2120    -125
     -70   -2120    -125
    -625   -2120    -125
   -1180   -2120    -125
   -1735   -2120    -125
   -2845   -2120    -125
    2150   -2120    -700
    1595   -2120    -700
    1040   -2120    -700
     485   -2120    -700
     -70   -2120    -700
    -625   -2120    -700
   -1180   -2120    -700
   -1735   -2120    -700
   -2845   -2120    -700
    2150   -2120   -1275
    1595   -2120   -1275
    1040   -2120   -1275
     485   -2120   -1275
     -70   -2120   -1275
    -625   -2120   -1275
   -1180   -2120   -1275
   -1735   -2120   -1275
   -2845   -2120   -1275
    2150   -2700    1600
    1595   -2700    1600
    1040   -2700    1600
     485   -2700    1600
     -70   -2700    1600
    -625   -2700    1600
   -1180   -2700    1600
   -1735   -2700    1600
   -2845   -2700    1600
    2150   -2700    1025
    1595   -2700    1025
    1040   -2700    1025
     485   -2700    1025
     -70   -2700    1025
    -625   -2700    1025
   -1180   -2700    1025
   -1735   -2700    1025
   -2845   -2700    1025
    2150   -2700     450
    1595   -2700     450
    1040   -2700     450
     485   -2700     450
     -70   -2700     450
    -625   -2700     450
   -1180   -2700     450
   -1735   -2700     450
   -2845   -2700     450
    2150   -2700    -125
    1595   -2700    -125
    1040   -2700    -125
     485   -2700    -125
     -70   -2700    -125
    -625   -2700    -125
   -1180   -2700    -125
   -1735   -2700    -125
   -2845   -2700    -125
    2150   -2700    -700
    1595   -2700    -700
    1040   -2700    -700
     485   -2700    -700
     -70   -2700    -700
    -625   -2700    -700
   -1180   -2700    -700
   -1735   -2700    -700
   -2845   -2700    -700
    2150   -2700   -1275
    1595   -2700   -1275
    1040   -2700   -1275
     485   -2700   -1275
     -70   -2700   -1275
    -625   -2700   -1275
   -1180   -2700   -1275
   -1735   -2700   -1275
   -2845   -2700   -1275
    2150   -3200    1600
    1595   -3200    1600
    1040   -3200    1600
     485   -3200    1600
     -70   -3200    1600
    -625   -3200    1600
   -1180   -3200    1600
   -1735   -3200    1600
   -2845   -3200    1600
    2150   -3200    1025
    1595   -3200    1025
    1040   -3200    1025
     485   -3200    1025
     -70   -3200    1025
    -625   -3200    1025
   -1180   -3200    1025
   -1735   -3200    1025
   -2845   -3200    1025
    2150   -3200     450
    1595   -3200     450
    1040   -3200     450
     485   -3200     450
     -70   -3200     450
    -625   -3200     450
   -1180   -3200     450
   -1735   -3200     450
   -2845   -3200     450
    2150   -3200    -125
    1595   -3200    -125
    1040   -3200    -125
     485   -3200    -125
     -70   -3200    -125
    -625   -3200    -125
   -1180   -3200    -125
   -1735   -3200    -125
   -2845   -3200    -125
    2150   -3200    -700
    1595   -3200    -700
    1040   -3200    -700
     485   -3200    -700
     -70   -3200    -700
    -625   -3200    -700
   -1180   -3200    -700
   -1735   -3200    -700
   -2845   -3200    -700
    2150   -3200   -1275
    1595   -3200   -1275
    1040   -3200   -1275
     485   -3200   -1275
     -70   -3200   -1275
    -625   -3200   -1275
   -1180   -3200   -1275
   -1735   -3200   -1275
   -2845   -3200   -1275
    4650    3100    2200
    3650    3100    2200
    2650    3100    2200
    1650    3100    2200
     650    3100    2200
    -350    3100    2200
   -1350    3100    2200
   -2350    3100    2200
   -3350    3100    2200
    4650    2040    2200
    3650    2040    2200
    2650    2040    2200
    1650    2040    2200
     650    2040    2200
    -350    2040    2200
   -1350    2040    2200
   -2350    2040    2200
   -3350    2040    2200
    4650     980    2200
    3650     980    2200
    2650     980    2200
    1650     980    2200
     650     980    2200
    -350     980    2200
   -1350     980    2200
   -2350     980    2200
   -3350     980    2200
    4650     -80    2200
    3650     -80    2200
    2650     -80    2200
    1650     -80    2200
     650     -80    2200
    -350     -80    2200
   -1350     -80    2200
   -2350     -80    2200
   -3350     -80    2200
    4650   -1140    2200
    3650   -1140    2200
    2650   -1140    2200
    1650   -1140    2200
     650   -1140    2200
    -350   -1140    2200
   -1350   -1140    2200
   -2350   -1140    2200
   -3350   -1140    2200
    4650   -2200    2200
    3650   -2200    2200
    2650   -2200    2200
    1650   -2200    2200
     650   -2200    2200
    -350   -2200    2200
   -1350   -2200    2200
   -2350   -2200    2200
   -3350   -2200    2200
    4650   -3260    2200
    3650   -3260    2200
    2650   -3260    2200
    1650   -3260    2200
     650   -3260    2200
    -350   -3260    2200
   -1350   -3260    2200
   -2350   -3260    2200
   -3350   -3260    2200
    4650   -4320    2200
    3650   -4320    2200
    2650   -4320    2200
    1650   -4320    2200
     650   -4320    2200
    -350   -4320    2200
   -1350   -4320    2200
   -2350   -4320    2200
   -3350   -4320    2200
    4650   -3650    1600
    3650   -3650    1600
    2650   -3650    1600
    1650   -3650    1600
     650   -3650    1600
    -350   -3650    1600
   -1350   -3650    1600
   -2350   -3650    1600
   -3350   -3650    1600
    4650   -3650     825
    3650   -3650     825
    2650   -3650     825
    1650   -3650     825
     650   -3650     825
    -350   -3650     825
   -1350   -3650     825
   -2350   -3650     825
   -3350   -3650     825
    4650   -3650      50
    3650   -3650      50
    2650   -3650      50
    1650   -3650      50
     650   -3650      50
    -350   -3650      50
   -1350   -3650      50
   -2350   -3650      50
   -3350   -3650      50
    4650   -3650    -725
    3650   -3650    -725
    2650   -3650    -725
    1650   -3650    -725
     650   -3650    -725
    -350   -3650    -725
   -1350   -3650    -725
   -2350   -3650    -725
   -3350   -3650    -725
    4650   -3650   -1500
    3650   -3650   -1500
    2650   -3650   -1500
    1650   -3650   -1500
     650   -3650   -1500
    -350   -3650   -1500
   -1350   -3650   -1500
   -2350   -3650   -1500
   -3350   -3650   -1500
    2600    3100    1600
    3200    3100    1600
    4000    3100    1600
    2600    3100     825
    3200    3100     825
    4000    3100     825
    2600    3100      50
    3200    3100      50
    4000    3100      50
    2600    3100    -725
    3200    3100    -725
    4000    3100    -725
    2600    3100   -1500
    3200    3100   -1500
    4000    3100   -1500
    2600    2050    1600
    3200    2050    1600
    4000    2050    1600
    2600    2050     825
    3200    2050     825
    4000    2050     825
    2600    2050      50
    3200    2050      50
    4000    2050      50
    2600    2050    -725
    3200    2050    -725
    4000    2050    -725
    2600    2050   -1500
    3200    2050   -1500
    4000    2050   -1500
    2600    1000    1600
    3200    1000    1600
    4000    1000    1600
    2600    1000     825
    3200    1000     825
    4000    1000     825
    2600    1000      50
    3200    1000      50
    4000    1000      50
    2600    1000    -725
    3200    1000    -725
    4000    1000    -725
    2600    1000   -1500
    3200    1000   -1500
    4000    1000   -1500
    2600     -50    1600
    3200     -50    1600
    4000     -50    1600
    2600     -50     825
    3200     -50     825
    4000     -50     825
    2600     -50      50
    3200     -50      50
    4000     -50      50
    2600     -50    -725
    3200     -50    -725
    4000     -50    -725
    2600     -50   -1500
    3200     -50   -1500
    4000     -50   -1500
    2600   -1100    1600
    3200   -1100    1600
    4000   -1100    1600
    2600   -1100     825
    3200   -1100     825
    4000   -1100     825
    2600   -1100      50
    3200   -1100      50
    4000   -1100      50
    2600   -1100    -725
    3200   -1100    -725
    4000   -1100    -725
    2600   -1100   -1500
    3200   -1100   -1500
    4000   -1100   -1500
    2600   -2150    1600
    3200   -2150    1600
    4000   -2150    1600
    2600   -2150     825
    3200   -2150     825
    4000   -2150     825
    2600   -2150      50
    3200   -2150      50
    4000   -2150      50
    2600   -2150    -725
    3200   -2150    -725
    4000   -2150    -725
    2600   -2150   -1500
    3200   -2150   -1500
    4000   -2150   -1500
    2600   -3200    1600
    3200   -3200    1600
    4000   -3200    1600
    2600   -3200     825
    3200   -3200     825
    4000   -3200     825
    2600   -3200      50
    3200   -3200      50
    4000   -3200      50
    2600   -3200    -725
    3200   -3200    -725
    4000   -3200    -725
    2600   -3200   -1500
    3200   -3200   -1500
    4000   -3200   -1500

